1194  200    0
   0  126   93
   0  155   28
   0  159   66
   0  184   81
   0  172    4
   0   79    5
   0  116   64
   0  104   29
   0   88   11
   1  152   47
   1  111   47
   1  159   89
   1   93   57
   1  148   84
   1    0   37
   1   87   14
   1   10   23
   2  187   18
   2  126   85
   2   13   35
   2  150   39
   2   23   16
   2   90   45
   2   35   80
   2  148   96
   3  113   66
   3    9   39
   3   61   44
   3  199   52
   3  125   22
   3   95   66
   4   11   36
   4  127    3
   4  178   92
   4  186    7
   4  195   70
   4  107   98
   4  167   16
   4  128   85
   4   99   97
   4   43   18
   5  122   38
   5   87   61
   5   93   62
   5  108   33
   5  158   83
   6  189   72
   6  157   94
   6   32   23
   6   73   78
   6  180   92
   6  161   63
   6   41    3
   6  176   22
   6  164   61
   6  192   93
   7   86   16
   7  102   62
   7   85   86
   7  155   27
   7   76   45
   8  114   17
   8   89   52
   8   25   62
   8  122   10
   8   10   76
   8  136   76
   8  117   67
   9    6   55
   9   17   86
   9   48   51
   9  159   96
   9  175   80
   9  152   60
  10  175   61
  10  150   74
  10  121   96
  10  152   68
  10   50   20
  10    4   16
  11  158   10
  11  105   18
  11   98   81
  11  152   86
  11  141   35
  11    5   64
  11  145   94
  11  109   41
  12  175   72
  12    0   94
  12  155   14
  12   90   62
  12  104   15
  12  117    5
  13    3    5
  13  193   81
  13    0   67
  13   73   99
  13   82   52
  13  167   21
  13   42   86
  13   28   31
  13   79   71
  13   70   27
  13  133   65
  13  136   98
  14  151   55
  14  110   62
  14   58   55
  14    0   26
  14   20   75
  14  160   60
  14  133   96
  15   76    9
  15   28   81
  15   55   66
  15   92   35
  15   48   40
  15  123    3
  15    4   22
  15  129   66
  16   65   46
  16   40   78
  16   94   17
  16  167    3
  16   67   29
  16   55   52
  17   10   93
  17   62   79
  17   53    8
  17  128   23
  17   27   38
  17   43   85
  17  103   43
  17   98   70
  17  184   59
  18  139   46
  18  196    4
  18  142   69
  18  130   82
  18  114    6
  18   64    7
  18  176   26
  19   53   99
  19  175   73
  19   30   31
  19  106   32
  19   83   39
  19    1   66
  19   62   50
  19  177   77
  19   14   11
  20   72   95
  20  122   53
  20  115   14
  20   73   76
  20   11   80
  20  132    7
  20  117   89
  20  108   21
  20   84   29
  20   41    5
  20    8   72
  20  116   63
  20  179   44
  21   99   42
  21   53   86
  21   84   71
  21   12   95
  22    0    1
  22  155   69
  22   16   78
  22   94   81
  22   67   41
  22  124   85
  23  144   98
  23  104   89
  23   52    3
  23  186   58
  24  160   44
  24  181   24
  24  141   77
  24   58    2
  24   43   40
  24   61   17
  24  194   54
  25  105   42
  25  134   75
  26   52   96
  26   70   12
  26   21    6
  27  109   64
  27  110   27
  27   58   32
  27   56   20
  27  194   40
  27  117   37
  27  140   33
  27  167   28
  28   77   21
  28   38   83
  28  151    4
  29   88   54
  29   89   97
  29   44   18
  29   84   87
  30   34   77
  30   83   41
  30  121   42
  30  166   45
  30   60   66
  30  170   21
  30    2   80
  30  133   12
  31  151   23
  31   37   12
  31   13   84
  31   62   32
  31  132   78
  31   28   85
  31  177   80
  31    2   23
  31   21   82
  32  146   31
  32  171   95
  32  126   37
  32  148   84
  32  130   65
  32  105   40
  33    0   86
  33   84   29
  33   75   73
  33   21   22
  34   26   76
  34   47   83
  35  128   15
  35   90   98
  35  192   15
  36   25   60
  36   98    5
  36  156   57
  36    3   54
  36   85   46
  36   28   71
  36   10    3
  36   14   28
  36  102   98
  36    9   94
  36   45   69
  36   90   44
  37   54   96
  37    5   38
  37   24   37
  37   70   52
  37   69   66
  37   71   54
  38   58   50
  38  131   28
  38  155   80
  38  182   62
  38   27   49
  38  116   60
  38  162   70
  39   29   72
  39  164   88
  39  151   99
  39   47   45
  39   18   22
  39  191   41
  39  130   71
  39   95   79
  40  160    2
  40  111   11
  40  162   43
  40  174   96
  40   82   22
  41    5   49
  41   44   26
  41    4   18
  41   83   63
  42  180   78
  42  189   80
  42  121   25
  42  154   11
  42  148   32
  42  137   61
  43   19   72
  43  131   58
  43   27   91
  43   41   67
  44  184   90
  44   28   75
  44  177   63
  44  139   25
  44   51   33
  45   48   74
  45   64   57
  45  121   39
  45   16    7
  45  148   37
  45  122   43
  45   61   32
  45  159   13
  45   82   78
  46   87   91
  46    4    7
  46   54   55
  46  174   24
  46   99   41
  46   10   54
  46   92   47
  46   45   84
  47  184    9
  47  155   12
  47  197   52
  48   98   38
  48   34   38
  48   22   19
  48   57   32
  48   51   78
  48    6   84
  48   33   30
  48  183   18
  49   94   53
  49  135   10
  49   46   47
  49   18   78
  50   78    1
  50  184   41
  50  153   88
  50   12   86
  50   54   68
  50  167   14
  51   37   95
  51   93   70
  51  134   82
  51    2   37
  51   85   50
  51    5    6
  51  117   53
  52  162   47
  52   62   66
  52  189   53
  52  124   76
  52  125   56
  52  169   19
  52   39   70
  52  188   98
  52  143   20
  52   57   39
  52    0   35
  53   58   12
  53  167   18
  53  191   92
  53  110   53
  53  196   79
  53  119   46
  54   35   53
  54   43   17
  54   25   45
  54   85    8
  54  123    9
  54  161   80
  54   80    4
  54  180   15
  55  181    5
  55   85   41
  55   41   66
  55  108   19
  55   11   82
  55   32   75
  55  158   85
  56  175   68
  56   12   61
  56  119   59
  57  160   66
  57  118   98
  57  186   90
  58   49   69
  58   73   49
  58   71   73
  58  175   76
  58   19   71
  58   32   50
  59  128   90
  59  139   59
  59  137   17
  60  109   20
  60   20   24
  61  184   47
  61  157   37
  61   70   15
  61  194    8
  61   62   13
  61  127   88
  62  168   44
  62   10   81
  62   93   10
  62   34   93
  62    3   66
  62  118   96
  62  142    3
  62  187   48
  62  184   81
  63  136   61
  63  189   88
  64  198    9
  64  112   15
  64    1   99
  65  150   39
  65   53    7
  65  180   85
  65  153   59
  65  114    5
  66  155   76
  66   64   13
  66  141   95
  66   84   58
  66   46   67
  66  138   67
  66   14   19
  66   80   32
  66  191   93
  66  135   10
  67   59   66
  67   33   85
  67   42   96
  67   78    8
  67   36   39
  67    5   71
  67  103   67
  67  182   73
  68   61   77
  68  171   71
  68   69   99
  68   38   92
  68   73   69
  68  103   50
  68  119   70
  68   45   35
  68   59   32
  69   83   27
  69   44   37
  69   39   79
  69  118   87
  69  172   43
  69   31   92
  69   34    7
  69   30   10
  69  174   61
  69  167   45
  69   48   85
  69  151   71
  69   57    8
  69  182   44
  69   71   45
  70  189   26
  70   64   95
  70    2   20
  70  179    3
  70   27    6
  70  170   65
  70  111   93
  70  149   79
  70  108    9
  71  143   74
  71  128   19
  72   90   44
  72   28   58
  72   87   17
  72  173   52
  73  173   35
  73   10   27
  73   88   90
  73   28   30
  73   70   52
  73  153   55
  73  102    7
  73   97   25
  74    9   39
  75  176   69
  75  156   74
  75   13   56
  75  107   83
  75   43   84
  75  175   41
  75   21   48
  75  115   62
  76   55   15
  76   16   42
  76   12   86
  76   47   79
  76   71   45
  77  193   13
  77   95    5
  77   47   13
  77  176   77
  77  137   47
  77   30   48
  77  183   12
  77   37   93
  77   27   85
  78  114   51
  78  158   74
  78    8   86
  78  172   22
  78  173   22
  79    0    3
  79  118    8
  79  198   10
  80   37   46
  80   25   99
  80  184   44
  80   23   78
  80   64   18
  80  139   19
  81   62   64
  81  175   51
  81    1   85
  81   99    5
  81   56   27
  81    6   96
  82   48   55
  82  178   63
  82   50   76
  82   93   86
  82  124   49
  82  198   64
  82  132   64
  82   55   16
  82   63   89
  83   29   48
  83  189   85
  83   44   63
  83  142   21
  83  176   88
  83  145   61
  83   12   50
  83  179   57
  84  164   68
  84  180   77
  84  186   76
  84   91   88
  85   72   98
  85   50   11
  85  140   85
  85  170   10
  85  171   98
  85  119   69
  85   95   49
  85  184   98
  86   20   23
  86  195   18
  86  166   77
  86  118   23
  86   39    8
  87  165   64
  87   28   19
  87   25    7
  88   79   37
  88  137   51
  89   44    3
  89   43   99
  89  141   86
  89  189   87
  89   20   67
  89  174   18
  90   75   18
  90   60   47
  90  172   36
  90    4   98
  90   89   48
  90  158   91
  91  109   79
  91    1   14
  91   33    7
  91   70   38
  91  103    2
  91   31   76
  91   45   32
  91   88   71
  92   12   31
  92   62   63
  93  191   26
  93   90   41
  93  155   92
  93   42   14
  94  178   33
  94  129   61
  94  161   47
  94  139   48
  94    1   47
  95   49   74
  95  198   39
  95  167    5
  95  146   94
  95  112   48
  95   20   72
  95   69   18
  95  116   53
  96  105   66
  96  173   44
  96  155   51
  96  165   46
  96   45   26
  96  100   62
  96  149   69
  97   68   63
  97   45   74
  97  152   91
  97  179   33
  97  133   95
  97  156   23
  97  155   94
  97  141   86
  98   73   71
  98  126   69
  98  181    7
  99  155   74
  99  112   48
  99  169    8
  99  134   55
  99  177   41
  99   40   41
  99  156   53
  99   10   30
  99   79   12
  99    5    8
 100   83    8
 100  126   35
 100  137   20
 100  167    8
 100  149    4
 101  115   69
 101   19   82
 101    9   53
 101  137   41
 102  143   96
 102   50   94
 102  135   65
 103  189   14
 103  117    1
 103   65   77
 103   31   89
 103  115   22
 103   90   49
 103  184   78
 103   93   89
 103   91   20
 104  116   24
 105   53   94
 105   27   21
 106  162   81
 106  173   34
 106  187   43
 106  176    1
 106   65    4
 106  144   35
 106  170   88
 106  115    9
 107   83   60
 107  165   72
 107   93   33
 107  187   96
 107   89   21
 107   62    2
 108   60   88
 108  121   88
 108  130   62
 108   77   16
 108   61   56
 108  133   93
 108  113   92
 108  141   53
 109   77   90
 109  167   36
 109  114   98
 109  190   39
 109  163    6
 110  158   31
 110   10   38
 110   33   36
 110  176   43
 110  194   93
 110   24   38
 110   28   92
 111   67   30
 111  163   89
 111  174   25
 111   49   87
 111  176   50
 111   50   74
 111   59   80
 111  119   19
 112   26   70
 112   49   47
 112  125   47
 112   48   47
 112  184   79
 112  140   23
 113   50   55
 113  179   90
 113   74   21
 114  121   64
 114   24    9
 114  191   31
 114  115   57
 114  127   55
 114   46   99
 114   76   27
 115   99   34
 115   44   72
 115   27   73
 115  190   83
 115   98   39
 115   61   56
 115  162   73
 115  114   80
 116  150   98
 116   57   48
 116   70   98
 116  100   40
 116    1   91
 116  169    8
 116   52   47
 117   61   12
 117   20   37
 117   92   64
 117  104   83
 117  162   88
 118  109    1
 118  134   63
 118  147   90
 118   65   70
 118  183   37
 119   39   61
 119  138   88
 119  109   94
 119  150   71
 119   85   40
 119    5   86
 120   67   34
 120   13   22
 120    7   85
 120  135   15
 120   34   14
 120   41   36
 120  172   21
 121   89   42
 121   27   47
 121  124   82
 121  150   96
 121  160   67
 121   90   94
 121   15   82
 121   52    7
 122   72   46
 122  140   12
 122  178   72
 122  130   70
 122   58   57
 122    1   80
 122  152   27
 122  199   74
 122  145   81
 123  142   50
 123  100   92
 123  141   10
 123   18   31
 123  129   87
 123  180   43
 124   45   11
 124   74   37
 124  150   34
 125  182   56
 125  107   51
 125  178   81
 125   63   32
 125  131   16
 126   71   70
 126   37   69
 126   97   60
 126   33   71
 126  186   73
 126  139   77
 126   44   59
 126  169   56
 127   73   40
 127  181   50
 127  174   90
 127   21   33
 128  187   17
 128  127   48
 128  195   91
 128  137   49
 128   48   30
 128   20   35
 128  112   37
 128  126   28
 129  162    7
 129   23   45
 129   90   81
 129   31   86
 129  178    9
 130   96   52
 130  112   31
 130  197   82
 131  158   27
 131   82   62
 131   20   83
 131  199   83
 131  181   40
 131  127   17
 131  145   74
 131   30   80
 132  183   40
 132  143   32
 132   26    1
 132  115   88
 132   65   29
 132   46   13
 133   48   77
 133   23   63
 133   36    3
 133   38   85
 133  147   69
 133   15   88
 133  183   58
 133  132   66
 134   66   45
 134  161   28
 134   56   90
 134   49   55
 134   60   11
 134   97    9
 134  117   57
 134   42   31
 134    6   24
 135   29   42
 135   15   63
 135  187   93
 135    4   28
 135   57   26
 135  150   42
 135  177   96
 136   53   85
 136  118   66
 136   19   70
 136    1   68
 136  160    8
 137  139   96
 137   75   28
 137   49   46
 138  143   41
 138  187   69
 138  142    7
 138   64   83
 139   20   83
 139  129   41
 139  102   76
 139  172   57
 139   63   72
 140   97   34
 140  157   72
 140   76   76
 140   61   59
 141  169   24
 141  118   15
 141  111   92
 142   50   95
 142  193   81
 143  126   51
 143  145   48
 143  147   55
 143    0   67
 143  162   71
 143  135   18
 143   77   78
 143  115   94
 144   91   29
 144   92   81
 144  122   63
 144   28   84
 145   10   37
 145   93   12
 145  183   61
 145  170   60
 146   66   83
 146   47   46
 146  100   60
 146   93   77
 146  129   10
 146  135   32
 146   53   84
 146  149   92
 147  190   60
 147  110   99
 147    9   36
 147   17   36
 147  126    9
 147  165   96
 148  158    6
 148  140   44
 148  175    1
 148  181   75
 148   95   61
 149  161   82
 149  142   49
 149  105    2
 149   26   95
 149  195   40
 149  100   24
 149  125   74
 149   81   29
 149  139   74
 149   95   33
 150  111   46
 150  166   83
 150   95   16
 150  186   94
 150   94   48
 150  158   71
 151  177   26
 151  187   58
 151   89   35
 151  107   21
 151   93   31
 151  196   42
 151   97   33
 152  141   42
 152  109   69
 152   95    6
 152   16    9
 152   20   84
 153  122   55
 153  147   23
 153   31    4
 153  190   93
 153  108   67
 153  199   37
 154  127   68
 154   41   52
 155   95   40
 155   40    1
 155   54   96
 155  173   15
 155  131   13
 155   11   20
 155  181   84
 155  119   85
 155  136   17
 156   34   81
 156   78   69
 156  150   67
 156  187   93
 156  172   68
 156  155   50
 157  149   14
 157  106   14
 157  164   47
 157   96   40
 157  126   41
 157   34   33
 157   44   93
 158  133   91
 158   58   98
 158  164   18
 158   48   60
 158  148    1
 158  193   63
 159  153   53
 159   65   54
 159  168   18
 159  181   62
 159  196   49
 159  187   72
 159   33   52
 160   57   84
 160  116   89
 160  178   97
 160   24   57
 160  161    8
 161  194   34
 161   31    2
 162  172   83
 162  128   13
 162   90   24
 162  169   96
 162  186   61
 162  187   55
 163   70   86
 163   83   59
 163  142   77
 163  161   71
 163   28   65
 163  155   61
 163   50   55
 163   77   51
 163  156   75
 164   26   23
 164   25   29
 164   35   18
 164  100   89
 164   56   91
 164   63   82
 165  183   89
 165    2   50
 165  109   85
 165  152   80
 165   85   96
 166  135   32
 166  145   15
 166   98   54
 167  159   80
 167  136   54
 167  137   57
 167   94    1
 167   20   68
 167   26   93
 167  174   30
 167  179   66
 167   15   86
 168    2   31
 168  135   48
 168   10    2
 168  183   35
 168   75   16
 169  173   62
 169   62   94
 169    7   29
 169  198   58
 169  103   90
 169   52   39
 170   54   38
 170  173   56
 170   79   94
 170  116   21
 171   43   90
 171   69   86
 171   58   77
 171  197   15
 171   24   89
 171    7   27
 172  181   65
 172  107   88
 172  105   22
 172  182   40
 173   71   44
 173  115   46
 173   44   76
 173   52   54
 173   88   99
 174  192   82
 175  147   25
 175  155   25
 175   36   86
 175  192   91
 175  116   98
 175  169   81
 176   26   22
 176   80   71
 176  198   80
 177  196   28
 177  133   29
 177  126   49
 177    3   55
 177  150   79
 177  131   84
 177   40   93
 178  137   54
 178  125    9
 178  109   31
 178  154   61
 179   16   73
 179   98   70
 179   46   26
 179  125   54
 179  170   95
 180   48   82
 180   46   58
 180  193   25
 180  153   35
 181   74   72
 181   77   62
 181   80   13
 181  188    7
 181   27   39
 181   58    8
 181  127    7
 182  168   75
 182  135   61
 182  140   59
 182   15   62
 182  107   65
 182  189   67
 182   46    4
 182   69    2
 183   61   93
 183   26   14
 183  198   27
 184   27   73
 184   46    1
 184  113   76
 184   29   95
 184  151   88
 184  167   90
 184   22   67
 184  100   17
 184   23   56
 185   73   78
 185   62   26
 185   59   52
 185  140   89
 185  180   68
 185  122   25
 185  194   95
 186  141   36
 186   35   52
 186   94   11
 186  113   50
 186   87   32
 186  108   41
 187  140   36
 187  116   74
 187   17   47
 187  136   12
 187  172   97
 187  194    5
 188  124   98
 188  191   89
 188  161   99
 188   83   99
 188  109   17
 188   40   27
 189  166   76
 189  128   47
 189   48   15
 189  192   95
 189  188   63
 189   51   16
 189   37   15
 189  119   39
 190   51   50
 190   70   99
 190   27   70
 190  112   67
 191   85   34
 191  183   74
 191   16   96
 191  116   15
 191   59   53
 191  154   98
 191  199   65
 191  121   69
 192  116   88
 192   71    6
 192  106   58
 193  104   93
 193  135   69
 193  122    1
 194   70    8
 194  145   17
 194   17   77
 195  105   93
 195   75   56
 195   62   75
 195   45   94
 195   82    8
 195   70    9
 195  103   40
 195   42   88
 196  144   18
 196  173   61
 196   99   98
 196  176   39
 196  106   44
 196   77   84
 196   20    1
 196    9   44
 196   75   79
 196  191   79
 197  112   76
 197   84   94
 197   96   86
 197  155    9
 197  152   23
 198    6   61
 198   31   55
 198   91   83
 199  110   11
 199  158   30
 199  187   83
 199   73   65
 199  168   97
